#Temperature (K)	Pressure (MPa)	Quality (l+v)	Internal Energy (l+v, kJ/mol)	Enthalpy (l+v, kJ/mol)	Entropy (l+v, J/mol*K)	Density (l, kg/m3)	Volume (l, m3/kg)	Internal Energy (l, kJ/mol)	Enthalpy (l, kJ/mol)	Entropy (l, J/mol*K)	Cv (l, J/mol*K)	Cp (l, J/mol*K)	Sound Spd. (l, m/s)	Joule-Thomson (l, K/MPa)	Viscosity (l, uPa*s)	Therm. Cond. (l, W/m*K)	Density (v, kg/m3)	Volume (v, m3/kg)	Internal Energy (v, kJ/mol)	Enthalpy (v, kJ/mol)	Entropy (v, J/mol*K)	Cv (v, J/mol*K)	Cp (v, J/mol*K)	Sound Spd. (v, m/s)	Joule-Thomson (v, K/MPa)	Viscosity (v, uPa*s)	Therm. Cond. (v, W/m*K)
200.00	14.640	undefined	0.39678	1.4847	95.208	537.60	0.0018601	0.39678	1.4847	95.208	15.728	57.823	310.12	2.3624	31.820	0.032433	537.60	0.0018601	0.39678	1.4847	95.208	15.728	57.823	310.12	2.3624	31.820	0.032433
202.00	15.039	undefined	0.42816	1.5457	95.364	537.60	0.0018601	0.42816	1.5457	95.364	15.646	56.350	313.64	2.3012	31.975	0.032491	537.60	0.0018601	0.42816	1.5457	95.364	15.646	56.350	313.64	2.3012	31.975	0.032491
204.00	15.439	undefined	0.45937	1.6066	95.518	537.60	0.0018601	0.45937	1.6066	95.518	15.568	54.989	317.10	2.2421	32.129	0.032554	537.60	0.0018601	0.45937	1.6066	95.518	15.568	54.989	317.10	2.2421	32.129	0.032554
206.00	15.837	undefined	0.49043	1.6673	95.670	537.60	0.0018601	0.49043	1.6673	95.670	15.495	53.728	320.51	2.1848	32.283	0.032622	537.60	0.0018601	0.49043	1.6673	95.670	15.495	53.728	320.51	2.1848	32.283	0.032622
208.00	16.236	undefined	0.52136	1.7278	95.819	537.60	0.0018601	0.52136	1.7278	95.819	15.426	52.557	323.85	2.1294	32.435	0.032694	537.60	0.0018601	0.52136	1.7278	95.819	15.426	52.557	323.85	2.1294	32.435	0.032694
210.00	16.635	undefined	0.55214	1.7883	95.966	537.60	0.0018601	0.55214	1.7883	95.966	15.361	51.467	327.15	2.0757	32.588	0.032771	537.60	0.0018601	0.55214	1.7883	95.966	15.361	51.467	327.15	2.0757	32.588	0.032771
212.00	17.034	undefined	0.58280	1.8485	96.112	537.60	0.0018601	0.58280	1.8485	96.112	15.299	50.449	330.39	2.0236	32.739	0.032850	537.60	0.0018601	0.58280	1.8485	96.112	15.299	50.449	330.39	2.0236	32.739	0.032850
214.00	17.432	undefined	0.61334	1.9087	96.255	537.60	0.0018601	0.61334	1.9087	96.255	15.240	49.496	333.58	1.9731	32.890	0.032933	537.60	0.0018601	0.61334	1.9087	96.255	15.240	49.496	333.58	1.9731	32.890	0.032933
216.00	17.830	undefined	0.64376	1.9687	96.397	537.60	0.0018601	0.64376	1.9687	96.397	15.184	48.603	336.73	1.9241	33.041	0.033019	537.60	0.0018601	0.64376	1.9687	96.397	15.184	48.603	336.73	1.9241	33.041	0.033019
218.00	18.229	undefined	0.67408	2.0286	96.536	537.60	0.0018601	0.67408	2.0286	96.536	15.131	47.763	339.84	1.8765	33.190	0.033107	537.60	0.0018601	0.67408	2.0286	96.536	15.131	47.763	339.84	1.8765	33.190	0.033107
220.00	18.627	undefined	0.70429	2.0884	96.674	537.60	0.0018601	0.70429	2.0884	96.674	15.081	46.973	342.90	1.8303	33.339	0.033197	537.60	0.0018601	0.70429	2.0884	96.674	15.081	46.973	342.90	1.8303	33.339	0.033197
222.00	19.025	undefined	0.73440	2.1481	96.811	537.60	0.0018601	0.73440	2.1481	96.811	15.033	46.228	345.92	1.7854	33.488	0.033288	537.60	0.0018601	0.73440	2.1481	96.811	15.033	46.228	345.92	1.7854	33.488	0.033288
224.00	19.422	undefined	0.76442	2.2077	96.945	537.60	0.0018601	0.76442	2.2077	96.945	14.987	45.524	348.90	1.7417	33.636	0.033382	537.60	0.0018601	0.76442	2.2077	96.945	14.987	45.524	348.90	1.7417	33.636	0.033382
226.00	19.820	undefined	0.79435	2.2671	97.078	537.60	0.0018601	0.79435	2.2671	97.078	14.943	44.858	351.84	1.6992	33.783	0.033477	537.60	0.0018601	0.79435	2.2671	97.078	14.943	44.858	351.84	1.6992	33.783	0.033477
228.00	20.217	undefined	0.82420	2.3265	97.210	537.60	0.0018601	0.82420	2.3265	97.210	14.902	44.226	354.75	1.6578	33.930	0.033573	537.60	0.0018601	0.82420	2.3265	97.210	14.902	44.226	354.75	1.6578	33.930	0.033573
230.00	20.614	undefined	0.85396	2.3858	97.340	537.60	0.0018601	0.85396	2.3858	97.340	14.862	43.627	357.62	1.6176	34.076	0.033671	537.60	0.0018601	0.85396	2.3858	97.340	14.862	43.627	357.62	1.6176	34.076	0.033671
232.00	21.011	undefined	0.88365	2.4450	97.468	537.60	0.0018601	0.88365	2.4450	97.468	14.824	43.058	360.46	1.5784	34.221	0.033769	537.60	0.0018601	0.88365	2.4450	97.468	14.824	43.058	360.46	1.5784	34.221	0.033769
234.00	21.408	undefined	0.91326	2.5041	97.595	537.60	0.0018601	0.91326	2.5041	97.595	14.788	42.517	363.26	1.5402	34.366	0.033868	537.60	0.0018601	0.91326	2.5041	97.595	14.788	42.517	363.26	1.5402	34.366	0.033868
236.00	21.805	undefined	0.94280	2.5631	97.721	537.60	0.0018601	0.94280	2.5631	97.721	14.753	42.001	366.03	1.5030	34.511	0.033969	537.60	0.0018601	0.94280	2.5631	97.721	14.753	42.001	366.03	1.5030	34.511	0.033969
238.00	22.201	undefined	0.97227	2.6220	97.845	537.60	0.0018601	0.97227	2.6220	97.845	14.719	41.510	368.77	1.4667	34.655	0.034069	537.60	0.0018601	0.97227	2.6220	97.845	14.719	41.510	368.77	1.4667	34.655	0.034069
240.00	22.597	undefined	1.0017	2.6808	97.968	537.60	0.0018601	1.0017	2.6808	97.968	14.688	41.040	371.48	1.4313	34.798	0.034171	537.60	0.0018601	1.0017	2.6808	97.968	14.688	41.040	371.48	1.4313	34.798	0.034171
242.00	22.993	undefined	1.0310	2.7396	98.090	537.60	0.0018601	1.0310	2.7396	98.090	14.657	40.592	374.16	1.3967	34.941	0.034273	537.60	0.0018601	1.0310	2.7396	98.090	14.657	40.592	374.16	1.3967	34.941	0.034273
244.00	23.389	undefined	1.0603	2.7983	98.211	537.60	0.0018601	1.0603	2.7983	98.211	14.628	40.163	376.81	1.3630	35.083	0.034375	537.60	0.0018601	1.0603	2.7983	98.211	14.628	40.163	376.81	1.3630	35.083	0.034375
246.00	23.785	undefined	1.0895	2.8569	98.330	537.60	0.0018601	1.0895	2.8569	98.330	14.599	39.752	379.43	1.3301	35.225	0.034477	537.60	0.0018601	1.0895	2.8569	98.330	14.599	39.752	379.43	1.3301	35.225	0.034477
248.00	24.180	undefined	1.1187	2.9155	98.448	537.60	0.0018601	1.1187	2.9155	98.448	14.572	39.358	382.03	1.2980	35.366	0.034580	537.60	0.0018601	1.1187	2.9155	98.448	14.572	39.358	382.03	1.2980	35.366	0.034580
250.00	24.576	undefined	1.1478	2.9740	98.565	537.60	0.0018601	1.1478	2.9740	98.565	14.546	38.981	384.60	1.2666	35.507	0.034683	537.60	0.0018601	1.1478	2.9740	98.565	14.546	38.981	384.60	1.2666	35.507	0.034683
252.00	24.971	undefined	1.1769	3.0324	98.681	537.60	0.0018601	1.1769	3.0324	98.681	14.521	38.618	387.14	1.2359	35.647	0.034787	537.60	0.0018601	1.1769	3.0324	98.681	14.521	38.618	387.14	1.2359	35.647	0.034787
254.00	25.365	undefined	1.2059	3.0908	98.795	537.60	0.0018601	1.2059	3.0908	98.795	14.497	38.270	389.66	1.2059	35.787	0.034890	537.60	0.0018601	1.2059	3.0908	98.795	14.497	38.270	389.66	1.2059	35.787	0.034890
256.00	25.760	undefined	1.2349	3.1491	98.909	537.60	0.0018601	1.2349	3.1491	98.909	14.474	37.935	392.16	1.1766	35.926	0.034994	537.60	0.0018601	1.2349	3.1491	98.909	14.474	37.935	392.16	1.1766	35.926	0.034994
258.00	26.154	undefined	1.2638	3.2073	99.022	537.60	0.0018601	1.2638	3.2073	99.022	14.452	37.613	394.63	1.1480	36.065	0.035097	537.60	0.0018601	1.2638	3.2073	99.022	14.452	37.613	394.63	1.1480	36.065	0.035097
260.00	26.549	undefined	1.2927	3.2655	99.133	537.60	0.0018601	1.2927	3.2655	99.133	14.431	37.303	397.08	1.1199	36.203	0.035200	537.60	0.0018601	1.2927	3.2655	99.133	14.431	37.303	397.08	1.1199	36.203	0.035200
262.00	26.943	undefined	1.3215	3.3236	99.244	537.60	0.0018601	1.3215	3.3236	99.244	14.410	37.004	399.51	1.0925	36.341	0.035304	537.60	0.0018601	1.3215	3.3236	99.244	14.410	37.004	399.51	1.0925	36.341	0.035304
264.00	27.336	undefined	1.3503	3.3816	99.353	537.60	0.0018601	1.3503	3.3816	99.353	14.390	36.716	401.92	1.0657	36.479	0.035407	537.60	0.0018601	1.3503	3.3816	99.353	14.390	36.716	401.92	1.0657	36.479	0.035407
266.00	27.730	undefined	1.3791	3.4396	99.462	537.60	0.0018601	1.3791	3.4396	99.462	14.371	36.437	404.30	1.0394	36.615	0.035510	537.60	0.0018601	1.3791	3.4396	99.462	14.371	36.437	404.30	1.0394	36.615	0.035510
268.00	28.123	undefined	1.4078	3.4976	99.569	537.60	0.0018601	1.4078	3.4976	99.569	14.353	36.169	406.67	1.0137	36.752	0.035612	537.60	0.0018601	1.4078	3.4976	99.569	14.353	36.169	406.67	1.0137	36.752	0.035612
270.00	28.516	undefined	1.4365	3.5555	99.676	537.60	0.0018601	1.4365	3.5555	99.676	14.335	35.909	409.01	0.98850	36.888	0.035715	537.60	0.0018601	1.4365	3.5555	99.676	14.335	35.909	409.01	0.98850	36.888	0.035715
272.00	28.909	undefined	1.4652	3.6133	99.782	537.60	0.0018601	1.4652	3.6133	99.782	14.317	35.659	411.33	0.96384	37.024	0.035817	537.60	0.0018601	1.4652	3.6133	99.782	14.317	35.659	411.33	0.96384	37.024	0.035817
274.00	29.302	undefined	1.4938	3.6711	99.887	537.60	0.0018601	1.4938	3.6711	99.887	14.301	35.416	413.64	0.93967	37.159	0.035918	537.60	0.0018601	1.4938	3.6711	99.887	14.301	35.416	413.64	0.93967	37.159	0.035918
276.00	29.694	undefined	1.5224	3.7289	99.990	537.60	0.0018601	1.5224	3.7289	99.990	14.285	35.182	415.93	0.91600	37.293	0.036019	537.60	0.0018601	1.5224	3.7289	99.990	14.285	35.182	415.93	0.91600	37.293	0.036019
278.00	30.086	undefined	1.5509	3.7866	100.09	537.60	0.0018601	1.5509	3.7866	100.09	14.269	34.954	418.20	0.89279	37.428	0.036120	537.60	0.0018601	1.5509	3.7866	100.09	14.269	34.954	418.20	0.89279	37.428	0.036120
280.00	30.478	undefined	1.5794	3.8442	100.20	537.60	0.0018601	1.5794	3.8442	100.20	14.254	34.734	420.45	0.87004	37.561	0.036220	537.60	0.0018601	1.5794	3.8442	100.20	14.254	34.734	420.45	0.87004	37.561	0.036220
282.00	30.870	undefined	1.6079	3.9018	100.30	537.60	0.0018601	1.6079	3.9018	100.30	14.239	34.521	422.68	0.84774	37.695	0.036319	537.60	0.0018601	1.6079	3.9018	100.30	14.239	34.521	422.68	0.84774	37.695	0.036319
284.00	31.261	undefined	1.6364	3.9594	100.40	537.60	0.0018601	1.6364	3.9594	100.40	14.225	34.314	424.90	0.82587	37.828	0.036417	537.60	0.0018601	1.6364	3.9594	100.40	14.225	34.314	424.90	0.82587	37.828	0.036417
286.00	31.653	undefined	1.6648	4.0169	100.50	537.60	0.0018601	1.6648	4.0169	100.50	14.212	34.114	427.10	0.80441	37.960	0.036514	537.60	0.0018601	1.6648	4.0169	100.50	14.212	34.114	427.10	0.80441	37.960	0.036514
288.00	32.044	undefined	1.6932	4.0744	100.60	537.60	0.0018601	1.6932	4.0744	100.60	14.198	33.919	429.28	0.78337	38.092	0.036610	537.60	0.0018601	1.6932	4.0744	100.60	14.198	33.919	429.28	0.78337	38.092	0.036610
290.00	32.435	undefined	1.7216	4.1318	100.69	537.60	0.0018601	1.7216	4.1318	100.69	14.186	33.730	431.45	0.76272	38.224	0.036704	537.60	0.0018601	1.7216	4.1318	100.69	14.186	33.730	431.45	0.76272	38.224	0.036704
292.00	32.825	undefined	1.7500	4.1892	100.79	537.60	0.0018601	1.7500	4.1892	100.79	14.173	33.546	433.60	0.74246	38.355	0.036797	537.60	0.0018601	1.7500	4.1892	100.79	14.173	33.546	433.60	0.74246	38.355	0.036797
294.00	33.216	undefined	1.7783	4.2465	100.89	537.60	0.0018601	1.7783	4.2465	100.89	14.161	33.368	435.74	0.72257	38.486	0.036886	537.60	0.0018601	1.7783	4.2465	100.89	14.161	33.368	435.74	0.72257	38.486	0.036886
296.00	33.606	undefined	1.8066	4.3038	100.98	537.60	0.0018601	1.8066	4.3038	100.98	14.149	33.194	437.86	0.70305	38.617	0.036972	537.60	0.0018601	1.8066	4.3038	100.98	14.149	33.194	437.86	0.70305	38.617	0.036972
298.00	33.996	undefined	1.8349	4.3611	101.08	537.60	0.0018601	1.8349	4.3611	101.08	14.138	33.025	439.97	0.68388	38.747	0.037051	537.60	0.0018601	1.8349	4.3611	101.08	14.138	33.025	439.97	0.68388	38.747	0.037051
300.00	34.386	undefined	1.8632	4.4183	101.17	537.60	0.0018601	1.8632	4.4183	101.17	14.127	32.861	442.06	0.66506	38.877	0.037116	537.60	0.0018601	1.8632	4.4183	101.17	14.127	32.861	442.06	0.66506	38.877	0.037116
302.00	34.775	undefined	1.8914	4.4755	101.27	537.60	0.0018601	1.8914	4.4755	101.27	14.116	32.702	444.14	0.64657	39.006	0.037140	537.60	0.0018601	1.8914	4.4755	101.27	14.116	32.702	444.14	0.64657	39.006	0.037140
304.00	35.165	undefined	1.9196	4.5327	101.36	537.60	0.0018601	1.9196	4.5327	101.36	14.106	32.546	446.20	0.62841	39.135	0.037257	537.60	0.0018601	1.9196	4.5327	101.36	14.106	32.546	446.20	0.62841	39.135	0.037257
306.00	35.554	undefined	1.9478	4.5898	101.45	537.60	0.0018601	1.9478	4.5898	101.45	14.096	32.395	448.26	0.61057	39.264	0.037374	537.60	0.0018601	1.9478	4.5898	101.45	14.096	32.395	448.26	0.61057	39.264	0.037374
308.00	35.943	undefined	1.9760	4.6468	101.55	537.60	0.0018601	1.9760	4.6468	101.55	14.086	32.247	450.29	0.59304	39.392	0.037490	537.60	0.0018601	1.9760	4.6468	101.55	14.086	32.247	450.29	0.59304	39.392	0.037490
310.00	36.331	undefined	2.0042	4.7039	101.64	537.60	0.0018601	2.0042	4.7039	101.64	14.076	32.103	452.32	0.57581	39.520	0.037606	537.60	0.0018601	2.0042	4.7039	101.64	14.076	32.103	452.32	0.57581	39.520	0.037606
312.00	36.720	undefined	2.0323	4.7609	101.73	537.60	0.0018601	2.0323	4.7609	101.73	14.067	31.963	454.33	0.55887	39.647	0.037721	537.60	0.0018601	2.0323	4.7609	101.73	14.067	31.963	454.33	0.55887	39.647	0.037721
314.00	37.108	undefined	2.0605	4.8179	101.82	537.60	0.0018601	2.0605	4.8179	101.82	14.058	31.826	456.33	0.54223	39.774	0.037836	537.60	0.0018601	2.0605	4.8179	101.82	14.058	31.826	456.33	0.54223	39.774	0.037836
316.00	37.496	undefined	2.0886	4.8748	101.91	537.60	0.0018601	2.0886	4.8748	101.91	14.049	31.693	458.32	0.52586	39.901	0.037951	537.60	0.0018601	2.0886	4.8748	101.91	14.049	31.693	458.32	0.52586	39.901	0.037951
318.00	37.884	undefined	2.1167	4.9317	102.00	537.60	0.0018601	2.1167	4.9317	102.00	14.040	31.562	460.29	0.50977	40.028	0.038065	537.60	0.0018601	2.1167	4.9317	102.00	14.040	31.562	460.29	0.50977	40.028	0.038065
320.00	38.271	undefined	2.1447	4.9886	102.08	537.60	0.0018601	2.1447	4.9886	102.08	14.032	31.435	462.25	0.49394	40.154	0.038179	537.60	0.0018601	2.1447	4.9886	102.08	14.032	31.435	462.25	0.49394	40.154	0.038179
322.00	38.658	undefined	2.1728	5.0454	102.17	537.60	0.0018601	2.1728	5.0454	102.17	14.024	31.311	464.21	0.47838	40.279	0.038293	537.60	0.0018601	2.1728	5.0454	102.17	14.024	31.311	464.21	0.47838	40.279	0.038293
324.00	39.046	undefined	2.2008	5.1022	102.26	537.60	0.0018601	2.2008	5.1022	102.26	14.016	31.190	466.14	0.46307	40.405	0.038406	537.60	0.0018601	2.2008	5.1022	102.26	14.016	31.190	466.14	0.46307	40.405	0.038406
326.00	39.433	undefined	2.2288	5.1590	102.34	537.60	0.0018601	2.2288	5.1590	102.34	14.008	31.072	468.07	0.44800	40.530	0.038519	537.60	0.0018601	2.2288	5.1590	102.34	14.008	31.072	468.07	0.44800	40.530	0.038519
328.00	39.819	undefined	2.2569	5.2157	102.43	537.60	0.0018601	2.2569	5.2157	102.43	14.001	30.956	469.99	0.43318	40.654	0.038631	537.60	0.0018601	2.2569	5.2157	102.43	14.001	30.956	469.99	0.43318	40.654	0.038631
330.00	40.206	undefined	2.2848	5.2725	102.51	537.60	0.0018601	2.2848	5.2725	102.51	13.993	30.843	471.90	0.41859	40.779	0.038744	537.60	0.0018601	2.2848	5.2725	102.51	13.993	30.843	471.90	0.41859	40.779	0.038744
332.00	40.592	undefined	2.3128	5.3291	102.60	537.60	0.0018601	2.3128	5.3291	102.60	13.986	30.732	473.79	0.40424	40.903	0.038855	537.60	0.0018601	2.3128	5.3291	102.60	13.986	30.732	473.79	0.40424	40.903	0.038855
334.00	40.978	undefined	2.3408	5.3858	102.68	537.60	0.0018601	2.3408	5.3858	102.68	13.979	30.624	475.68	0.39011	41.026	0.038967	537.60	0.0018601	2.3408	5.3858	102.68	13.979	30.624	475.68	0.39011	41.026	0.038967
336.00	41.364	undefined	2.3687	5.4424	102.77	537.60	0.0018601	2.3687	5.4424	102.77	13.972	30.518	477.55	0.37619	41.150	0.039078	537.60	0.0018601	2.3687	5.4424	102.77	13.972	30.518	477.55	0.37619	41.150	0.039078
338.00	41.749	undefined	2.3967	5.4990	102.85	537.60	0.0018601	2.3967	5.4990	102.85	13.965	30.414	479.41	0.36250	41.273	0.039189	537.60	0.0018601	2.3967	5.4990	102.85	13.965	30.414	479.41	0.36250	41.273	0.039189
340.00	42.135	undefined	2.4246	5.5556	102.93	537.60	0.0018601	2.4246	5.5556	102.93	13.959	30.313	481.27	0.34901	41.395	0.039299	537.60	0.0018601	2.4246	5.5556	102.93	13.959	30.313	481.27	0.34901	41.395	0.039299
342.00	42.520	undefined	2.4525	5.6121	103.01	537.60	0.0018601	2.4525	5.6121	103.01	13.953	30.214	483.11	0.33573	41.518	0.039410	537.60	0.0018601	2.4525	5.6121	103.01	13.953	30.214	483.11	0.33573	41.518	0.039410
344.00	42.905	undefined	2.4804	5.6686	103.09	537.60	0.0018601	2.4804	5.6686	103.09	13.946	30.117	484.94	0.32265	41.640	0.039519	537.60	0.0018601	2.4804	5.6686	103.09	13.946	30.117	484.94	0.32265	41.640	0.039519
346.00	43.290	undefined	2.5083	5.7251	103.18	537.60	0.0018601	2.5083	5.7251	103.18	13.940	30.022	486.77	0.30977	41.761	0.039629	537.60	0.0018601	2.5083	5.7251	103.18	13.940	30.022	486.77	0.30977	41.761	0.039629
348.00	43.674	undefined	2.5362	5.7815	103.26	537.60	0.0018601	2.5362	5.7815	103.26	13.934	29.928	488.58	0.29708	41.883	0.039738	537.60	0.0018601	2.5362	5.7815	103.26	13.934	29.928	488.58	0.29708	41.883	0.039738
350.00	44.059	undefined	2.5640	5.8380	103.34	537.60	0.0018601	2.5640	5.8380	103.34	13.928	29.837	490.39	0.28458	42.004	0.039847	537.60	0.0018601	2.5640	5.8380	103.34	13.928	29.837	490.39	0.28458	42.004	0.039847
352.00	44.443	undefined	2.5919	5.8944	103.42	537.60	0.0018601	2.5919	5.8944	103.42	13.923	29.747	492.18	0.27226	42.124	0.039955	537.60	0.0018601	2.5919	5.8944	103.42	13.923	29.747	492.18	0.27226	42.124	0.039955
354.00	44.827	undefined	2.6197	5.9507	103.49	537.60	0.0018601	2.6197	5.9507	103.49	13.917	29.660	493.97	0.26012	42.245	0.040063	537.60	0.0018601	2.6197	5.9507	103.49	13.917	29.660	493.97	0.26012	42.245	0.040063
356.00	45.211	undefined	2.6476	6.0071	103.57	537.60	0.0018601	2.6476	6.0071	103.57	13.912	29.574	495.75	0.24816	42.365	0.040171	537.60	0.0018601	2.6476	6.0071	103.57	13.912	29.574	495.75	0.24816	42.365	0.040171
358.00	45.594	undefined	2.6754	6.0634	103.65	537.60	0.0018601	2.6754	6.0634	103.65	13.906	29.489	497.52	0.23636	42.485	0.040279	537.60	0.0018601	2.6754	6.0634	103.65	13.906	29.489	497.52	0.23636	42.485	0.040279
360.00	45.978	undefined	2.7032	6.1197	103.73	537.60	0.0018601	2.7032	6.1197	103.73	13.901	29.407	499.28	0.22474	42.604	0.040386	537.60	0.0018601	2.7032	6.1197	103.73	13.901	29.407	499.28	0.22474	42.604	0.040386
362.00	46.361	undefined	2.7310	6.1760	103.80	537.60	0.0018601	2.7310	6.1760	103.80	13.896	29.325	501.03	0.21328	42.723	0.040493	537.60	0.0018601	2.7310	6.1760	103.80	13.896	29.325	501.03	0.21328	42.723	0.040493
364.00	46.744	undefined	2.7588	6.2322	103.88	537.60	0.0018601	2.7588	6.2322	103.88	13.891	29.246	502.77	0.20199	42.842	0.040600	537.60	0.0018601	2.7588	6.2322	103.88	13.891	29.246	502.77	0.20199	42.842	0.040600
366.00	47.126	undefined	2.7865	6.2884	103.96	537.60	0.0018601	2.7865	6.2884	103.96	13.886	29.168	504.51	0.19085	42.961	0.040706	537.60	0.0018601	2.7865	6.2884	103.96	13.886	29.168	504.51	0.19085	42.961	0.040706
368.00	47.509	undefined	2.8143	6.3446	104.03	537.60	0.0018601	2.8143	6.3446	104.03	13.881	29.091	506.23	0.17986	43.079	0.040812	537.60	0.0018601	2.8143	6.3446	104.03	13.881	29.091	506.23	0.17986	43.079	0.040812
370.00	47.891	undefined	2.8421	6.4008	104.11	537.60	0.0018601	2.8421	6.4008	104.11	13.876	29.016	507.95	0.16903	43.197	0.040918	537.60	0.0018601	2.8421	6.4008	104.11	13.876	29.016	507.95	0.16903	43.197	0.040918
372.00	48.273	undefined	2.8698	6.4569	104.18	537.60	0.0018601	2.8698	6.4569	104.18	13.872	28.942	509.66	0.15835	43.315	0.041023	537.60	0.0018601	2.8698	6.4569	104.18	13.872	28.942	509.66	0.15835	43.315	0.041023
374.00	48.655	undefined	2.8976	6.5130	104.26	537.60	0.0018601	2.8976	6.5130	104.26	13.867	28.869	511.37	0.14781	43.433	0.041128	537.60	0.0018601	2.8976	6.5130	104.26	13.867	28.869	511.37	0.14781	43.433	0.041128
376.00	49.037	undefined	2.9253	6.5691	104.33	537.60	0.0018601	2.9253	6.5691	104.33	13.863	28.798	513.06	0.13742	43.550	0.041233	537.60	0.0018601	2.9253	6.5691	104.33	13.863	28.798	513.06	0.13742	43.550	0.041233
378.00	49.419	undefined	2.9530	6.6252	104.40	537.60	0.0018601	2.9530	6.6252	104.40	13.858	28.728	514.75	0.12716	43.667	0.041338	537.60	0.0018601	2.9530	6.6252	104.40	13.858	28.728	514.75	0.12716	43.667	0.041338
380.00	49.800	undefined	2.9807	6.6813	104.48	537.60	0.0018601	2.9807	6.6813	104.48	13.854	28.659	516.43	0.11705	43.783	0.041442	537.60	0.0018601	2.9807	6.6813	104.48	13.854	28.659	516.43	0.11705	43.783	0.041442
382.00	50.181	undefined	3.0084	6.7373	104.55	537.60	0.0018601	3.0084	6.7373	104.55	13.850	28.591	518.10	0.10706	43.899	0.041546	537.60	0.0018601	3.0084	6.7373	104.55	13.850	28.591	518.10	0.10706	43.899	0.041546
384.00	50.562	undefined	3.0361	6.7933	104.62	537.60	0.0018601	3.0361	6.7933	104.62	13.846	28.525	519.76	0.097214	44.016	0.041650	537.60	0.0018601	3.0361	6.7933	104.62	13.846	28.525	519.76	0.097214	44.016	0.041650
386.00	50.943	undefined	3.0638	6.8493	104.69	537.60	0.0018601	3.0638	6.8493	104.69	13.842	28.459	521.42	0.087492	44.131	0.041753	537.60	0.0018601	3.0638	6.8493	104.69	13.842	28.459	521.42	0.087492	44.131	0.041753
388.00	51.324	undefined	3.0915	6.9052	104.77	537.60	0.0018601	3.0915	6.9052	104.77	13.838	28.395	523.07	0.077897	44.247	0.041856	537.60	0.0018601	3.0915	6.9052	104.77	13.838	28.395	523.07	0.077897	44.247	0.041856
390.00	51.704	undefined	3.1192	6.9612	104.84	537.60	0.0018601	3.1192	6.9612	104.84	13.834	28.332	524.71	0.068427	44.362	0.041959	537.60	0.0018601	3.1192	6.9612	104.84	13.834	28.332	524.71	0.068427	44.362	0.041959
392.00	52.084	undefined	3.1468	7.0171	104.91	537.60	0.0018601	3.1468	7.0171	104.91	13.830	28.270	526.34	0.059079	44.477	0.042061	537.60	0.0018601	3.1468	7.0171	104.91	13.830	28.270	526.34	0.059079	44.477	0.042061
394.00	52.464	undefined	3.1745	7.0730	104.98	537.60	0.0018601	3.1745	7.0730	104.98	13.826	28.209	527.97	0.049850	44.592	0.042164	537.60	0.0018601	3.1745	7.0730	104.98	13.826	28.209	527.97	0.049850	44.592	0.042164
396.00	52.844	undefined	3.2021	7.1289	105.05	537.60	0.0018601	3.2021	7.1289	105.05	13.823	28.148	529.59	0.040739	44.706	0.042266	537.60	0.0018601	3.2021	7.1289	105.05	13.823	28.148	529.59	0.040739	44.706	0.042266
398.00	53.224	undefined	3.2298	7.1847	105.12	537.60	0.0018601	3.2298	7.1847	105.12	13.819	28.089	531.21	0.031743	44.820	0.042367	537.60	0.0018601	3.2298	7.1847	105.12	13.819	28.089	531.21	0.031743	44.820	0.042367
400.00	53.603	undefined	3.2574	7.2405	105.19	537.60	0.0018601	3.2574	7.2405	105.19	13.815	28.031	532.82	0.022860	44.934	0.042469	537.60	0.0018601	3.2574	7.2405	105.19	13.815	28.031	532.82	0.022860	44.934	0.042469


